0001815540027
0001818934027
0006025475091
0006923485105
0006010894091
0006008899091
0005994454091
0006003291091
0006010706091
0006016537091
0006010210091
0006254859095
0006255997095
0006011223091
0006014109091
0005980175091
0001939496029
0001783474027
0001742566026
0001736680026
0001509651023
0006013178091
0006380298097
0006388883097
0006376907097
0006007113091
0001976763030
0007011944106
0006015898091
0006791102103
0001595513024
0001585165024
0001603202024
0005873136089
0005884503089
0005809010088
0006036520092
0001814985027
0001814881027
0001685665025
0001984878030
0001464872022
0001561291023
0001465227022
0001597418024
0001488711022
0005785771088
0005789518088
0005784274088
0001626533024
0001584636024
0002118608032
0001767519026
0001781472027
0002123413032
0001492939022
0001492470022
0001427963021
0001977061030
0005997483091
0006013924091
0006002726091
0006008900091
0006013739091
0006016917091
0005996964091
0001938651029
0001772296027
0001777902027
0001974790030
0001962802029
0002117891032
0006946219105
0006368859097
0006376335097
0006389245097
0006379741097
0006011571091
0006014291091
0006915678105
0006905350105
0006362363097
0001712408026
0006488163099
0006503321099
0006496046099
0006493955099
0001721037026
0001430088021
0005888368089
0001451281022
0001450255022
0001563109023
0001547428023
0001953435029
0001547888023
0006380700097
0006006754091
0006269611095
0006019102091